"","Year","Age","mx","qx","ax","lx","dx","Lx","Tx","ex","Gender"
"5662",2009,"0",0.0051,0.00507,0.07,100000,507,99527,7991684,79.92,"Female"
"5663",2009,"1",0.00032,0.00032,0.5,99493,32,99477,7892158,79.32,"Female"
"5664",2009,"2",0.00018,0.00018,0.5,99461,18,99452,7792681,78.35,"Female"
"5665",2009,"3",0.00018,0.00018,0.5,99443,18,99434,7693229,77.36,"Female"
"5666",2009,"4",0.00016,0.00016,0.5,99424,16,99416,7593795,76.38,"Female"
"5667",2009,"5",9e-05,9e-05,0.5,99408,9,99404,7494379,75.39,"Female"
"5668",2009,"6",0.00015,0.00015,0.5,99400,15,99392,7394975,74.4,"Female"
"5669",2009,"7",0.00015,0.00015,0.5,99384,15,99377,7295583,73.41,"Female"
"5670",2009,"8",0.00014,0.00014,0.5,99369,14,99362,7196206,72.42,"Female"
"5671",2009,"9",9e-05,9e-05,0.5,99355,9,99351,7096844,71.43,"Female"
"5672",2009,"10",0.00012,0.00012,0.5,99346,12,99340,6997493,70.44,"Female"
"5673",2009,"11",0.00011,0.00011,0.5,99334,11,99328,6898154,69.44,"Female"
"5674",2009,"12",0.00013,0.00013,0.5,99322,13,99316,6798825,68.45,"Female"
"5675",2009,"13",2e-04,2e-04,0.5,99310,20,99300,6699509,67.46,"Female"
"5676",2009,"14",0.00023,0.00023,0.5,99289,23,99278,6600210,66.47,"Female"
"5677",2009,"15",0.00022,0.00022,0.5,99267,22,99256,6500931,65.49,"Female"
"5678",2009,"16",0.00022,0.00022,0.5,99245,21,99234,6401675,64.5,"Female"
"5679",2009,"17",0.00026,0.00026,0.5,99224,26,99211,6302441,63.52,"Female"
"5680",2009,"18",0.00028,0.00028,0.5,99197,27,99184,6203230,62.53,"Female"
"5681",2009,"19",0.00027,0.00027,0.5,99170,27,99157,6104047,61.55,"Female"
"5682",2009,"20",0.00023,0.00023,0.5,99143,23,99132,6004890,60.57,"Female"
"5683",2009,"21",0.00024,0.00024,0.5,99120,24,99108,5905758,59.58,"Female"
"5684",2009,"22",0.00026,0.00026,0.5,99096,26,99083,5806650,58.6,"Female"
"5685",2009,"23",0.00025,0.00025,0.5,99070,25,99058,5707567,57.61,"Female"
"5686",2009,"24",3e-04,3e-04,0.5,99045,30,99030,5608509,56.63,"Female"
"5687",2009,"25",2e-04,2e-04,0.5,99015,20,99005,5509479,55.64,"Female"
"5688",2009,"26",3e-04,3e-04,0.5,98995,30,98980,5410474,54.65,"Female"
"5689",2009,"27",0.00026,0.00026,0.5,98965,26,98952,5311494,53.67,"Female"
"5690",2009,"28",0.00038,0.00038,0.5,98940,38,98921,5212542,52.68,"Female"
"5691",2009,"29",0.00035,0.00035,0.5,98902,34,98885,5113621,51.7,"Female"
"5692",2009,"30",0.00042,0.00042,0.5,98867,42,98847,5014736,50.72,"Female"
"5693",2009,"31",0.00043,0.00043,0.5,98826,42,98805,4915890,49.74,"Female"
"5694",2009,"32",0.00047,0.00047,0.5,98784,47,98760,4817085,48.76,"Female"
"5695",2009,"33",0.00047,0.00047,0.5,98737,46,98714,4718325,47.79,"Female"
"5696",2009,"34",0.00052,0.00052,0.5,98691,51,98665,4619611,46.81,"Female"
"5697",2009,"35",0.00066,0.00065,0.5,98640,65,98607,4520946,45.83,"Female"
"5698",2009,"36",7e-04,7e-04,0.5,98575,69,98541,4422339,44.86,"Female"
"5699",2009,"37",0.00062,0.00062,0.5,98506,61,98476,4323798,43.89,"Female"
"5700",2009,"38",0.00088,0.00088,0.5,98445,87,98402,4225322,42.92,"Female"
"5701",2009,"39",0.001,0.001,0.5,98359,98,98310,4126920,41.96,"Female"
"5702",2009,"40",0.00107,0.00107,0.5,98261,105,98208,4028610,41,"Female"
"5703",2009,"41",0.00129,0.00129,0.5,98155,127,98092,3930402,40.04,"Female"
"5704",2009,"42",0.00126,0.00126,0.5,98029,124,97967,3832310,39.09,"Female"
"5705",2009,"43",0.00145,0.00145,0.5,97905,142,97834,3734343,38.14,"Female"
"5706",2009,"44",0.00158,0.00158,0.5,97763,154,97686,3636509,37.2,"Female"
"5707",2009,"45",0.00187,0.00187,0.5,97609,183,97517,3538823,36.26,"Female"
"5708",2009,"46",0.00212,0.00212,0.5,97426,206,97323,3441306,35.32,"Female"
"5709",2009,"47",0.00225,0.00225,0.5,97220,219,97110,3343983,34.4,"Female"
"5710",2009,"48",0.00266,0.00266,0.5,97001,258,96872,3246872,33.47,"Female"
"5711",2009,"49",0.00289,0.00288,0.5,96743,279,96604,3150000,32.56,"Female"
"5712",2009,"50",0.00327,0.00326,0.5,96464,315,96307,3053397,31.65,"Female"
"5713",2009,"51",0.00368,0.00368,0.5,96149,354,95972,2957090,30.76,"Female"
"5714",2009,"52",0.00396,0.00395,0.5,95795,379,95606,2861118,29.87,"Female"
"5715",2009,"53",0.00424,0.00423,0.5,95417,404,95215,2765512,28.98,"Female"
"5716",2009,"54",0.00476,0.00475,0.5,95013,451,94788,2670297,28.1,"Female"
"5717",2009,"55",0.005,0.00499,0.5,94562,472,94326,2575509,27.24,"Female"
"5718",2009,"56",0.00566,0.00564,0.5,94090,531,93825,2481183,26.37,"Female"
"5719",2009,"57",0.00615,0.00613,0.5,93559,573,93273,2387359,25.52,"Female"
"5720",2009,"58",0.00662,0.0066,0.5,92986,614,92679,2294086,24.67,"Female"
"5721",2009,"59",0.00716,0.00713,0.5,92372,659,92043,2201407,23.83,"Female"
"5722",2009,"60",0.0079,0.00787,0.5,91713,722,91352,2109364,23,"Female"
"5723",2009,"61",0.0087,0.00867,0.5,90991,788,90597,2018012,22.18,"Female"
"5724",2009,"62",0.0092,0.00915,0.5,90203,826,89790,1927414,21.37,"Female"
"5725",2009,"63",0.00978,0.00973,0.5,89377,870,88942,1837624,20.56,"Female"
"5726",2009,"64",0.0102,0.01015,0.5,88507,898,88058,1748682,19.76,"Female"
"5727",2009,"65",0.01146,0.0114,0.5,87609,999,87110,1660624,18.95,"Female"
"5728",2009,"66",0.0118,0.01174,0.5,86611,1016,86102,1573514,18.17,"Female"
"5729",2009,"67",0.01278,0.0127,0.5,85594,1087,85051,1487411,17.38,"Female"
"5730",2009,"68",0.01359,0.0135,0.5,84508,1141,83937,1402360,16.59,"Female"
"5731",2009,"69",0.01524,0.01513,0.5,83367,1261,82737,1318423,15.81,"Female"
"5732",2009,"70",0.01674,0.0166,0.5,82106,1363,81425,1235686,15.05,"Female"
"5733",2009,"71",0.01848,0.01831,0.5,80743,1479,80004,1154262,14.3,"Female"
"5734",2009,"72",0.02008,0.01988,0.5,79265,1576,78477,1074258,13.55,"Female"
"5735",2009,"73",0.02275,0.02249,0.5,77689,1747,76815,995781,12.82,"Female"
"5736",2009,"74",0.02619,0.02585,0.5,75942,1963,74960,918966,12.1,"Female"
"5737",2009,"75",0.02952,0.02909,0.5,73979,2152,72903,844006,11.41,"Female"
"5738",2009,"76",0.03332,0.03277,0.5,71827,2354,70650,771103,10.74,"Female"
"5739",2009,"77",0.03731,0.03663,0.5,69473,2545,68200,700453,10.08,"Female"
"5740",2009,"78",0.0433,0.04238,0.5,66928,2836,65510,632253,9.45,"Female"
"5741",2009,"79",0.049,0.04782,0.5,64092,3065,62559,566743,8.84,"Female"
"5742",2009,"80",0.05596,0.05443,0.5,61026,3322,59365,504184,8.26,"Female"
"5743",2009,"81",0.06314,0.06121,0.5,57705,3532,55938,444819,7.71,"Female"
"5744",2009,"82",0.07258,0.07004,0.5,54172,3794,52275,388880,7.18,"Female"
"5745",2009,"83",0.08272,0.07944,0.5,50378,4002,48377,336605,6.68,"Female"
"5746",2009,"84",0.09285,0.08873,0.5,46376,4115,44319,288228,6.21,"Female"
"5747",2009,"85",0.10716,0.10171,0.5,42261,4299,40112,243909,5.77,"Female"
"5748",2009,"86",0.12208,0.11506,0.5,37963,4368,35779,203797,5.37,"Female"
"5749",2009,"87",0.13282,0.12455,0.5,33595,4184,31503,168018,5,"Female"
"5750",2009,"88",0.14677,0.13673,0.5,29411,4021,27400,136515,4.64,"Female"
"5751",2009,"89",0.17178,0.15819,0.5,25389,4016,23381,109115,4.3,"Female"
"5752",2009,"90",0.17631,0.16203,0.5,21373,3463,19641,85734,4.01,"Female"
"5753",2009,"91",0.19959,0.18148,0.5,17910,3250,16285,66093,3.69,"Female"
"5754",2009,"92",0.23311,0.20878,0.5,14660,3061,13129,49808,3.4,"Female"
"5755",2009,"93",0.25201,0.22381,0.5,11599,2596,10301,36679,3.16,"Female"
"5756",2009,"94",0.29327,0.25577,0.5,9003,2303,7852,26378,2.93,"Female"
"5757",2009,"95",0.30448,0.26425,0.5,6700,1771,5815,18526,2.76,"Female"
"5758",2009,"96",0.33312,0.28556,0.5,4930,1408,4226,12711,2.58,"Female"
"5759",2009,"97",0.36304,0.30727,0.5,3522,1082,2981,8485,2.41,"Female"
"5760",2009,"98",0.39406,0.3292,0.5,2440,803,2038,5504,2.26,"Female"
"5761",2009,"99",0.42596,0.35117,0.5,1637,575,1349,3466,2.12,"Female"
"5762",2009,"100",0.45849,0.37299,0.5,1062,396,864,2117,1.99,"Female"
"5763",2009,"101",0.49138,0.39446,0.5,666,263,535,1253,1.88,"Female"
"5764",2009,"102",0.52434,0.41542,0.5,403,167,319,718,1.78,"Female"
"5765",2009,"103",0.55709,0.43572,0.5,236,103,184,399,1.69,"Female"
"5766",2009,"104",0.58935,0.45521,0.5,133,61,103,214,1.61,"Female"
"5767",2009,"105",0.62086,0.47378,0.5,72,34,55,112,1.54,"Female"
"5768",2009,"106",0.65138,0.49135,0.5,38,19,29,56,1.48,"Female"
"5769",2009,"107",0.68071,0.50786,0.5,19,10,14,28,1.42,"Female"
"5770",2009,"108",0.70867,0.52326,0.5,10,5,7,13,1.38,"Female"
"5771",2009,"109",0.73514,0.53755,0.5,5,2,3,6,1.34,"Female"
"5772",2009,"110+",0.76002,1,1.32,2,2,3,3,1.32,"Female"
"11434",2009,"0",0.00608,0.00605,0.06,100000,605,99432,7148455,71.48,"Male"
"11435",2009,"1",0.00034,0.00034,0.5,99395,34,99379,7049023,70.92,"Male"
"11436",2009,"2",0.00026,0.00026,0.5,99362,26,99349,6949644,69.94,"Male"
"11437",2009,"3",0.00015,0.00015,0.5,99336,15,99328,6850296,68.96,"Male"
"11438",2009,"4",0.00012,0.00012,0.5,99320,12,99314,6750968,67.97,"Male"
"11439",2009,"5",0.00021,0.00021,0.5,99308,21,99298,6651653,66.98,"Male"
"11440",2009,"6",0.00014,0.00014,0.5,99288,14,99280,6552355,65.99,"Male"
"11441",2009,"7",0.00013,0.00013,0.5,99273,12,99267,6453075,65,"Male"
"11442",2009,"8",0.00019,0.00019,0.5,99261,19,99251,6353808,64.01,"Male"
"11443",2009,"9",0.00013,0.00013,0.5,99242,13,99235,6254557,63.02,"Male"
"11444",2009,"10",0.00016,0.00016,0.5,99229,16,99220,6155321,62.03,"Male"
"11445",2009,"11",0.00012,0.00012,0.5,99212,12,99206,6056101,61.04,"Male"
"11446",2009,"12",0.00018,0.00018,0.5,99200,18,99191,5956894,60.05,"Male"
"11447",2009,"13",0.00015,0.00015,0.5,99183,15,99175,5857703,59.06,"Male"
"11448",2009,"14",0.00032,0.00032,0.5,99168,31,99152,5758528,58.07,"Male"
"11449",2009,"15",0.00041,0.00041,0.5,99136,41,99116,5659376,57.09,"Male"
"11450",2009,"16",0.00043,0.00043,0.5,99096,43,99074,5560260,56.11,"Male"
"11451",2009,"17",0.00067,0.00067,0.5,99053,66,99020,5461185,55.13,"Male"
"11452",2009,"18",0.00101,0.001,0.5,98987,99,98937,5362166,54.17,"Male"
"11453",2009,"19",0.00103,0.00103,0.5,98887,101,98837,5263229,53.22,"Male"
"11454",2009,"20",0.00117,0.00117,0.5,98786,116,98728,5164392,52.28,"Male"
"11455",2009,"21",0.0011,0.0011,0.5,98670,108,98616,5065664,51.34,"Male"
"11456",2009,"22",0.00115,0.00115,0.5,98562,113,98505,4967048,50.4,"Male"
"11457",2009,"23",0.00113,0.00113,0.5,98449,112,98393,4868542,49.45,"Male"
"11458",2009,"24",0.00102,0.00102,0.5,98337,100,98287,4770149,48.51,"Male"
"11459",2009,"25",0.00109,0.00109,0.5,98237,107,98184,4671862,47.56,"Male"
"11460",2009,"26",0.00113,0.00113,0.5,98130,111,98075,4573679,46.61,"Male"
"11461",2009,"27",0.00113,0.00113,0.5,98019,111,97964,4475604,45.66,"Male"
"11462",2009,"28",0.00112,0.00112,0.5,97909,110,97854,4377640,44.71,"Male"
"11463",2009,"29",0.00119,0.00119,0.5,97799,116,97741,4279786,43.76,"Male"
"11464",2009,"30",0.00145,0.00145,0.5,97683,141,97612,4182046,42.81,"Male"
"11465",2009,"31",0.0015,0.0015,0.5,97541,147,97468,4084434,41.87,"Male"
"11466",2009,"32",0.00157,0.00156,0.5,97395,152,97318,3986966,40.94,"Male"
"11467",2009,"33",0.00167,0.00167,0.5,97242,162,97161,3889647,40,"Male"
"11468",2009,"34",0.00184,0.00184,0.5,97080,179,96991,3792486,39.07,"Male"
"11469",2009,"35",0.00218,0.00218,0.5,96901,211,96796,3695496,38.14,"Male"
"11470",2009,"36",0.002,0.00199,0.5,96690,193,96594,3598700,37.22,"Male"
"11471",2009,"37",0.00242,0.00242,0.5,96497,233,96381,3502106,36.29,"Male"
"11472",2009,"38",0.00265,0.00264,0.5,96264,254,96137,3405725,35.38,"Male"
"11473",2009,"39",0.00315,0.00314,0.5,96010,302,95859,3309588,34.47,"Male"
"11474",2009,"40",0.00323,0.00323,0.5,95708,309,95553,3213730,33.58,"Male"
"11475",2009,"41",0.00386,0.00385,0.5,95399,367,95215,3118176,32.69,"Male"
"11476",2009,"42",0.00416,0.00415,0.5,95032,395,94834,3022961,31.81,"Male"
"11477",2009,"43",0.00411,0.0041,0.5,94637,388,94443,2928126,30.94,"Male"
"11478",2009,"44",0.00471,0.0047,0.5,94249,443,94027,2833684,30.07,"Male"
"11479",2009,"45",0.00534,0.00533,0.5,93806,500,93556,2739657,29.21,"Male"
"11480",2009,"46",0.00571,0.0057,0.5,93306,532,93040,2646101,28.36,"Male"
"11481",2009,"47",0.0067,0.00668,0.5,92775,620,92465,2553060,27.52,"Male"
"11482",2009,"48",0.00724,0.00721,0.5,92155,665,91823,2460595,26.7,"Male"
"11483",2009,"49",0.00771,0.00768,0.5,91490,703,91139,2368772,25.89,"Male"
"11484",2009,"50",0.00898,0.00894,0.5,90787,811,90382,2277634,25.09,"Male"
"11485",2009,"51",0.00955,0.00951,0.5,89976,855,89548,2187252,24.31,"Male"
"11486",2009,"52",0.01028,0.01023,0.5,89121,912,88665,2097703,23.54,"Male"
"11487",2009,"53",0.0115,0.01144,0.5,88209,1009,87705,2009038,22.78,"Male"
"11488",2009,"54",0.01234,0.01226,0.5,87200,1069,86666,1921334,22.03,"Male"
"11489",2009,"55",0.0133,0.01321,0.5,86131,1138,85562,1834668,21.3,"Male"
"11490",2009,"56",0.01451,0.0144,0.5,84993,1224,84381,1749106,20.58,"Male"
"11491",2009,"57",0.01598,0.01585,0.5,83769,1328,83105,1664725,19.87,"Male"
"11492",2009,"58",0.01753,0.01738,0.5,82441,1432,81725,1581620,19.18,"Male"
"11493",2009,"59",0.01814,0.01797,0.5,81009,1456,80281,1499894,18.52,"Male"
"11494",2009,"60",0.02,0.0198,0.5,79553,1575,78765,1419613,17.84,"Male"
"11495",2009,"61",0.02111,0.02089,0.5,77978,1629,77163,1340848,17.2,"Male"
"11496",2009,"62",0.02293,0.02267,0.5,76349,1731,75483,1263685,16.55,"Male"
"11497",2009,"63",0.02481,0.0245,0.5,74618,1828,73704,1188201,15.92,"Male"
"11498",2009,"64",0.02554,0.02522,0.5,72790,1836,71872,1114498,15.31,"Male"
"11499",2009,"65",0.02901,0.02859,0.5,70954,2029,69939,1042626,14.69,"Male"
"11500",2009,"66",0.02885,0.02844,0.5,68925,1960,67945,972687,14.11,"Male"
"11501",2009,"67",0.03107,0.03059,0.5,66965,2049,65941,904742,13.51,"Male"
"11502",2009,"68",0.03353,0.03298,0.5,64917,2141,63846,838801,12.92,"Male"
"11503",2009,"69",0.03706,0.03638,0.5,62776,2284,61634,774955,12.34,"Male"
"11504",2009,"70",0.03929,0.03854,0.5,60492,2331,59326,713321,11.79,"Male"
"11505",2009,"71",0.04205,0.04118,0.5,58161,2395,56963,653995,11.24,"Male"
"11506",2009,"72",0.04507,0.04407,0.5,55766,2458,54537,597031,10.71,"Male"
"11507",2009,"73",0.04896,0.04779,0.5,53308,2548,52034,542495,10.18,"Male"
"11508",2009,"74",0.05285,0.05149,0.5,50760,2614,49453,490461,9.66,"Male"
"11509",2009,"75",0.0575,0.05589,0.5,48147,2691,46801,441007,9.16,"Male"
"11510",2009,"76",0.06104,0.05923,0.5,45455,2692,44109,394206,8.67,"Male"
"11511",2009,"77",0.06791,0.06568,0.5,42763,2809,41359,350097,8.19,"Male"
"11512",2009,"78",0.07426,0.0716,0.5,39954,2861,38524,308738,7.73,"Male"
"11513",2009,"79",0.0806,0.07748,0.5,37094,2874,35657,270214,7.28,"Male"
"11514",2009,"80",0.08884,0.08506,0.5,34220,2911,32764,234558,6.85,"Male"
"11515",2009,"81",0.09869,0.09405,0.5,31309,2945,29836,201794,6.45,"Male"
"11516",2009,"82",0.10686,0.10144,0.5,28364,2877,26925,171957,6.06,"Male"
"11517",2009,"83",0.11814,0.11155,0.5,25487,2843,24065,145032,5.69,"Male"
"11518",2009,"84",0.13008,0.12214,0.5,22644,2766,21261,120966,5.34,"Male"
"11519",2009,"85",0.14014,0.13096,0.5,19878,2603,18576,99705,5.02,"Male"
"11520",2009,"86",0.15525,0.14407,0.5,17275,2489,16030,81129,4.7,"Male"
"11521",2009,"87",0.17796,0.16342,0.5,14786,2416,13578,65099,4.4,"Male"
"11522",2009,"88",0.18052,0.16557,0.5,12370,2048,11346,51521,4.17,"Male"
"11523",2009,"89",0.2123,0.19193,0.5,10322,1981,9331,40175,3.89,"Male"
"11524",2009,"90",0.20301,0.18431,0.5,8341,1537,7572,30844,3.7,"Male"
"11525",2009,"91",0.22513,0.20236,0.5,6803,1377,6115,23272,3.42,"Male"
"11526",2009,"92",0.26177,0.23148,0.5,5427,1256,4799,17157,3.16,"Male"
"11527",2009,"93",0.28815,0.25186,0.5,4171,1050,3645,12359,2.96,"Male"
"11528",2009,"94",0.33475,0.28676,0.5,3120,895,2673,8714,2.79,"Male"
"11529",2009,"95",0.32189,0.27726,0.5,2225,617,1917,6041,2.71,"Male"
"11530",2009,"96",0.34527,0.29444,0.5,1608,474,1372,4124,2.56,"Male"
"11531",2009,"97",0.36943,0.31183,0.5,1135,354,958,2752,2.43,"Male"
"11532",2009,"98",0.39426,0.32933,0.5,781,257,652,1794,2.3,"Male"
"11533",2009,"99",0.41964,0.34686,0.5,524,182,433,1142,2.18,"Male"
"11534",2009,"100",0.44546,0.36432,0.5,342,125,280,709,2.07,"Male"
"11535",2009,"101",0.47158,0.3816,0.5,217,83,176,429,1.97,"Male"
"11536",2009,"102",0.49785,0.39862,0.5,134,54,108,253,1.88,"Male"
"11537",2009,"103",0.52414,0.4153,0.5,81,34,64,146,1.8,"Male"
"11538",2009,"104",0.55029,0.43155,0.5,47,20,37,82,1.73,"Male"
"11539",2009,"105",0.57617,0.44731,0.5,27,12,21,45,1.66,"Male"
"11540",2009,"106",0.60164,0.46251,0.5,15,7,11,24,1.6,"Male"
"11541",2009,"107",0.62656,0.4771,0.5,8,4,6,12,1.54,"Male"
"11542",2009,"108",0.65084,0.49104,0.5,4,2,3,6,1.5,"Male"
"11543",2009,"109",0.67435,0.50431,0.5,2,1,2,3,1.46,"Male"
"11544",2009,"110+",0.69702,1,1.43,1,1,2,2,1.43,"Male"
